0.623556 105
0.623455 105
0.623297 105
0.623171 105
0.62307 105
0.62307 104
0.622993 103
0.62285 103
0.622753 102
0.622591 102
0.622441 102
0.622334 102
0.622334 101
0.62223 101
0.622078 101
0.622078 100
0.621925 100
0.621925 99
0.621806 99
0.621677 99
0.621563 99
0.621433 99
0.621281 99
0.621281 98
0.621159 98
0.621056 98
0.620942 98
0.620822 98
0.620682 98
0.62058 98
0.620452 98
0.620339 98
0.620339 97
0.620195 97
0.620049 97
0.619926 97
0.6198 97
0.6198 96
0.619729 95
0.619729 94
0.619669 93
0.619669 92
0.619534 92
0.619407 92
0.619407 91
0.619407 90
0.619275 90
0.619146 90
0.619146 89
0.619048 89
0.618891 89
0.618748 89
0.618602 89
0.618602 88
0.618466 88
0.618352 88
0.618234 88
0.618094 88
0.618094 87
0.61798 87
0.617878 87
0.617878 86
0.617878 85
0.617726 85
0.617726 84
0.617726 83
0.617594 83
0.617463 83
0.617297 83
0.617153 83
0.617153 82
0.616998 82
0.616926 81
0.616926 80
0.616792 80
0.616685 80
0.616562 80
0.616562 79
0.616405 79
0.616258 79
0.616127 79
0.615995 79
0.615852 79
0.615703 79
0.615584 79
0.615447 79
0.615413 78
0.61529 78
0.615212 77
0.615212 76
0.615212 75
0.615115 75
0.614961 75
0.614819 75
0.614673 75
0.614673 74
0.61452 74
0.614392 74
0.614392 73
0.614392 72
0.614261 72
0.614206 71
0.614085 71
0.613956 71
0.613819 71
0.613674 71
0.613523 71
0.613422 71
0.613294 71
0.613182 71
0.613072 71
0.612978 70
0.612853 70
0.612724 70
0.612605 70
0.612457 70
0.612328 70
0.612328 69
0.612195 69
0.612195 68
0.612057 68
0.612057 67
0.611958 67
0.611819 67
0.611695 67
0.61157 67
0.61157 66
0.611454 66
0.611338 66
0.611268 65
0.611268 64
0.611128 64
0.610995 64
0.610951 63
0.610849 63
0.610723 63
0.610604 63
0.610459 63
0.610459 62
0.610459 61
0.610338 61
0.610229 61
0.610078 61
0.609975 61
0.609901 60
0.609765 60
0.609765 59
0.609611 59
0.60951 59
0.609363 59
0.609245 59
0.609131 59
0.609002 59
0.608858 59
0.608722 59
0.608574 59
0.608447 59
0.608313 59
0.608182 59
0.608052 59
0.607906 59
0.6078 59
0.607677 59
0.607677 58
0.607542 58
0.607542 57
0.607389 57
0.607389 56
0.607389 55
0.607229 55
0.607108 55
0.606979 55
0.606872 55
0.606745 55
0.606608 55
0.606608 54
0.606608 53
0.606608 52
0.606554 51
0.606428 51
0.606292 51
0.606144 51
0.60601 51
0.60591 51
0.605771 51
0.605771 50
0.605608 50
0.605472 50
0.605357 50
0.605283 49
0.605126 49
0.605001 49
0.604927 48
0.604927 47
0.604927 46
0.60481 46
0.604693 46
0.604584 46
0.604502 45
0.604383 45
0.604263 45
0.604128 45
0.604022 45
0.603928 44
0.603787 44
0.603653 44
0.603513 44
0.603513 43
0.603415 43
0.603415 42
0.603357 41
0.603216 41
0.603072 41
0.602958 41
0.602829 41
0.60268 41
0.602557 41
0.602435 41
0.602331 41
0.602195 41
0.602078 41
0.601936 41
0.601873 40
0.601747 40
0.601602 40
0.601502 40
0.601378 40
0.60125 40
0.601112 40
0.600986 40
0.600848 40
0.60071 40
0.600419 40
0.600293 40
0.600178 40
0.60003 40
0.599909 40
0.599783 40
0.599643 40
0.599492 40
0.599366 40
0.599214 40
0.59906 40
0.59906 39
0.598919 39
0.598765 39
0.59863 39
0.598507 39
0.598389 39
0.598299 38
0.598182 38
0.598083 38
0.597947 38
0.597823 38
0.597823 37
0.597743 36
0.597602 36
0.597445 36
0.597337 36
0.59719 36
0.597037 36
0.596902 36
0.596765 36
0.596622 36
0.596471 36
0.596333 36
0.596333 35
0.596195 35
0.596044 35
0.595926 35
0.595781 35
0.595652 35
0.595542 35
0.595416 35
0.595303 35
0.595173 35
0.595054 35
0.594926 35
0.594768 35
0.594768 34
0.594636 34
0.594636 33
0.594483 33
0.594392 32
0.594238 32
0.594118 32
0.594042 31
0.593924 31
0.593783 31
0.593668 31
0.593522 31
0.593384 31
0.593258 31
0.593126 31
0.593126 30
0.592998 30
0.592998 29
0.592896 29
0.592764 29
0.592764 28
0.592621 28
0.592486 28
0.592369 28
0.592258 28
0.59212 28
0.592002 28
0.591862 28
0.591736 28
0.591484 28
0.59135 28
0.591194 28
0.591065 28
0.591065 27
0.59093 27
0.59093 26
0.590779 26
0.590652 26
0.59051 26
0.590395 26
0.590248 26
0.590104 26
0.590104 25
0.589999 25
0.589876 25
0.589752 25
0.589637 25
0.589502 25
0.589367 25
0.589217 25
0.589082 25
0.58895 25
0.588843 25
0.588705 25
0.588586 25
0.588441 25
0.588294 25
0.588177 25
0.588022 25
0.587881 25
0.587881 24
0.587747 24
0.587632 24
0.587495 24
0.587346 24
0.587205 24
0.587082 24
0.586948 24
0.586846 24
0.58672 24
0.586605 24
0.58649 24
0.586348 24
0.586208 24
0.586093 24
0.585982 24
0.585838 24
0.585701 24
0.58556 24
0.585446 24
0.585313 24
0.585184 24
0.585053 24
0.584994 23
0.584853 23
0.584716 23
0.584566 23
0.584433 23
0.584433 22
0.584279 22
0.584139 22
0.584009 22
0.583899 22
0.583761 22
0.583627 22
0.583501 22
0.583376 22
0.583234 22
0.583093 22
0.582967 22
0.58284 22
0.582704 22
0.58255 22
0.582418 22
0.582257 22
0.582114 22
0.582006 22
0.581881 22
0.581768 22
0.581641 22
0.581508 22
0.581393 22
0.581259 22
0.58117 21
0.581029 21
0.580931 21
0.580799 21
0.580686 21
0.580546 21
0.580472 20
0.580334 20
0.580196 20
0.58005 20
0.57993 20
0.579804 20
0.579684 20
0.579561 20
0.579438 20
0.579315 20
0.579199 20
0.579093 20
0.578952 20
0.57885 20
0.578717 20
0.578574 20
0.578429 20
0.578296 20
0.578148 20
0.577985 20
0.577864 20
0.577717 20
0.577591 20
0.577449 20
0.577322 20
0.577192 20
0.577064 20
0.576944 20
0.576804 20
0.576658 20
0.576512 20
0.576402 20
0.576304 20
0.576176 20
0.576048 20
0.575915 20
0.575822 19
0.575686 19
0.57554 19
0.575404 19
0.575247 19
0.575088 19
0.574939 19
0.574812 19
0.574679 19
0.574575 19
0.574444 19
0.574317 19
0.574196 19
0.574038 19
0.574038 18
0.573906 18
0.573769 18
0.573643 18
0.573497 18
0.573497 17
0.573363 17
0.57322 17
0.573082 17
0.57298 17
0.572827 17
0.572706 17
0.572625 16
0.572487 16
0.572338 16
0.572222 16
0.57208 16
0.571933 16
0.571807 16
0.57171 15
0.571575 15
0.571429 15
0.571326 15
0.571156 15
0.571012 15
0.570864 15
0.570763 15
0.57064 15
0.570514 15
0.570514 14
0.570394 14
0.570306 13
0.570152 13
0.570013 13
0.569876 13
0.569722 13
0.56958 13
0.569456 13
0.569309 13
0.569164 13
0.569033 13
0.568895 13
0.568768 13
0.568639 13
0.5685 13
0.568416 12
0.568258 12
0.568118 12
0.56798 12
0.567887 11
0.567887 10
0.567755 10
0.567618 10
0.567498 10
0.567362 10
0.567117 10
0.567014 10
0.566896 10
0.566752 10
0.566598 10
0.566464 10
0.566336 10
0.566229 10
0.566095 10
0.565941 10
0.565819 10
0.565677 10
0.565545 10
0.565398 10
0.565249 10
0.565132 10
0.564982 10
0.564837 10
0.564694 10
0.564593 10
0.564466 10
0.564318 10
0.564174 10
0.564021 10
0.563889 10
0.563756 10
0.56363 10
0.563544 9
0.56345 8
0.563302 8
0.563158 8
0.563043 8
0.562903 8
0.562769 8
0.562617 8
0.562465 8
0.562314 8
0.562223 7
0.56209 7
0.561943 7
0.561838 7
0.561696 7
0.561561 7
0.561418 7
0.561254 7
0.561101 7
0.561013 6
0.56086 6
0.560735 6
0.560601 6
0.560449 6
0.560307 6
0.560202 6
0.560076 6
0.559966 6
0.559826 6
0.559711 6
0.559552 6
0.559405 6
0.559283 6
0.559185 6
0.559033 6
0.558903 6
0.558757 6
0.558615 6
0.55847 6
0.55832 6
0.558195 6
0.55806 6
0.557924 6
0.557793 6
0.557674 6
0.55753 6
0.55739 6
0.557245 6
0.557095 6
0.556964 6
0.556807 6
0.556657 6
0.556532 6
0.556417 6
0.556294 6
0.556173 6
0.556024 6
0.555918 6
0.555786 6
0.555651 6
0.555513 6
0.555204 6
0.555061 6
0.554917 6
0.55478 6
0.554665 6
0.554526 6
0.554389 6
0.554254 6
0.554107 6
0.553971 6
0.553859 6
0.553737 6
0.553598 6
0.553473 6
0.55334 6
0.553186 6
0.553079 6
0.552931 6
0.552788 6
0.552635 6
0.5525 6
0.552352 6
0.552214 6
0.552065 6
0.551938 6
0.551799 6
0.551648 6
0.551487 6
0.551368 6
0.551215 6
0.551093 6
0.550989 6
0.550871 6
0.550724 6
0.550592 6
0.550461 6
0.550315 6
0.550199 6
0.55006 6
0.549929 6
0.54978 6
0.549637 6
0.549487 6
0.549338 6
0.549192 6
0.549054 6
0.548912 6
0.548629 6
0.54848 6
0.548334 6
0.548197 6
0.548071 6
0.547939 6
0.547786 6
0.547638 6
0.547522 6
0.547392 6
0.547243 6
0.547097 6
0.546943 6
0.546808 6
0.546663 6
0.546537 6
0.546384 6
0.546229 6
0.546069 6
0.545921 6
0.545815 6
0.545678 6
0.545529 6
0.545385 6
0.545229 6
0.545081 6
0.544938 6
0.544659 6
0.544523 6
0.544434 5
0.544293 5
0.544156 5
0.544009 5
0.543869 5
0.543748 5
0.543617 5
0.543495 5
0.543371 5
0.543236 5
0.543119 5
0.542983 5
0.54269 5
0.542571 5
0.542439 5
0.542305 5
0.54218 5
0.542108 4
0.541965 4
0.541679 4
0.541546 4
0.541409 4
0.541271 4
0.541135 4
0.540994 4
0.540857 4
0.540721 4
0.540574 4
0.540415 4
0.540191 3
0.540038 3
0.539925 3
0.53977 3
0.539631 3
0.539502 3
0.539396 3
0.539258 3
0.539127 3
0.539003 3
0.538865 3
0.538722 3
0.538576 3
0.538438 3
0.538333 3
0.538191 3
0.538094 3
0.537976 3
0.537844 3
0.537714 3
0.537577 3
0.53746 3
0.537341 3
0.537223 3
0.537105 3
0.536973 3
0.536854 3
0.536727 3
0.536629 3
0.536493 3
0.536366 3
0.53622 3
0.536065 3
0.535952 3
0.53581 3
0.535669 3
0.535516 3
0.535385 3
0.535265 3
0.535116 3
0.534999 3
0.534871 3
0.534602 3
0.534464 3
0.534186 3
0.534039 3
0.533908 3
0.533773 3
0.533514 3
0.533387 3
0.533268 3
0.533126 3
0.532959 3
0.532808 3
0.532683 3
0.532539 3
0.532402 3
0.532257 3
0.532129 3
0.531995 3
0.531857 3
0.531723 3
0.53145 3
0.531319 3
0.531181 3
0.530916 3
0.530782 3
0.530669 3
0.530528 3
0.530364 3
0.530221 3
0.529969 3
0.529812 3
0.529654 3
0.529549 3
0.529409 3
0.529294 3
0.529145 3
0.529011 3
0.528856 3
0.528727 3
0.528585 3
0.528444 3
0.528297 3
0.528152 3
0.528013 3
0.527861 3
0.527576 3
0.527435 3
0.52718 3
0.527036 3
0.526899 3
0.52677 3
0.526634 3
0.526487 3
0.526364 3
0.526231 3
0.526117 3
0.525845 3
0.525706 3
0.525556 3
0.525409 3
0.52529 3
0.52515 3
0.525024 3
0.524872 3
0.524753 3
0.524468 3
0.524331 3
0.524179 3
0.524025 3
0.5239 3
0.523787 3
0.523672 3
0.523515 3
0.52338 3
0.523115 3
0.522974 3
0.522822 3
0.522532 3
0.522381 3
0.522254 3
0.522115 3
0.521979 3
0.521861 3
0.521718 3
0.521581 3
0.521445 3
0.521307 3
0.521152 3
0.52102 3
0.52073 3
0.520619 3
0.520486 3
0.520337 3
0.520055 3
0.519929 3
0.519815 3
0.519671 3
0.51957 3
0.519441 3
0.519286 3
0.519154 3
0.519003 3
0.518847 3
0.518704 3
0.51855 3
0.518421 3
0.518157 3
0.518019 3
0.517899 3
0.517798 3
0.517546 3
0.517398 3
0.517267 3
0.51698 3
0.516841 3
0.516727 3
0.516586 3
0.516438 3
0.516303 3
0.51617 3
0.515891 3
0.515614 3
0.515176 3
0.51504 3
0.514883 3
0.514757 3
0.514619 3
0.514474 3
0.514339 3
0.514212 3
0.514078 3
0.513948 3
0.513834 3
0.513708 3
0.513576 3
0.513321 3
0.512861 3
0.512556 3
0.512402 3
0.512246 3
0.512097 3
0.511958 3
0.511812 3
0.511674 3
0.511545 3
0.511412 3
0.511285 3
0.510991 3
0.510698 3
0.510556 3
0.510432 3
0.510288 3
0.510147 3
0.51002 3
0.509859 3
0.509722 3
0.509578 3
0.509434 3
0.509289 3
0.509155 3
0.509017 3
0.508873 3
0.508721 3
0.508569 3
0.508439 3
0.508154 3
0.508029 3
0.507891 3
0.5076 3
0.507464 3
0.507325 3
0.507171 3
0.507019 3
0.506907 3
0.506766 3
0.506625 3
0.506475 3
0.50634 3
0.506185 3
0.506074 3
0.50596 3
0.505808 3
0.505684 3
0.505545 3
0.50539 3
0.505243 3
0.505102 3
0.504976 3
0.504845 3
0.504692 3
0.504543 3
0.504401 3
0.504267 3
0.504007 3
0.503875 3
0.503733 3
0.503616 3
0.503487 3
0.503341 3
0.503196 3
0.50291 3
0.502762 3
0.502634 3
0.50248 3
0.502353 3
0.502203 3
0.50207 3
0.501945 3
0.501813 3
0.501688 3
0.501535 3
0.501406 3
0.501284 3
0.501197 2
0.501085 2
0.500943 2
0.500652 2
0.500523 2
0.500369 2
0.500238 2
0.500083 2
0.499952 2
0.499648 2
0.499533 2
0.499391 2
0.499231 2
0.499112 2
0.498818 2
0.498678 2
0.498537 2
0.498386 2
0.498248 2
0.498112 2
0.497966 2
0.497822 2
0.497688 2
0.497536 2
0.497401 2
0.497253 2
0.497112 2
0.496946 2
0.496826 2
0.496721 2
0.496579 2
0.496436 2
0.496289 2
0.496148 2
0.496003 2
0.495562 2
0.495288 2
0.49515 2
0.495005 2
0.494876 2
0.494735 2
0.494601 2
0.494479 2
0.494321 2
0.494173 2
0.494049 2
0.4939 2
0.49376 2
0.493487 2
0.493355 2
0.493203 2
0.493063 2
0.492927 2
0.492791 2
0.492668 2
0.492536 2
0.492242 2
0.49211 2
0.491964 2
0.491832 2
0.491714 2
0.491567 2
0.491423 2
0.491281 2
0.491143 2
0.491025 2
0.490756 2
0.490487 2
0.490353 2
0.490066 2
0.489916 2
0.489805 2
0.489521 2
0.489386 2
0.489228 2
0.488937 2
0.48882 2
0.488693 2
0.488553 2
0.488268 2
0.488144 2
0.488003 2
0.487853 2
0.487716 2
0.487582 2
0.487437 2
0.48729 2
0.487134 2
0.486982 2
0.486827 2
0.486683 2
0.486536 2
0.486394 2
0.486258 2
0.486107 2
0.485976 2
0.485841 2
0.485738 2
0.485601 2
0.485458 2
0.485191 2
0.485061 2
0.484924 2
0.484764 2
0.484621 2
0.484479 2
0.484268 2
0.484121 2
0.483986 2
0.483852 2
0.483583 2
0.483449 2
0.483329 2
0.483047 2
0.482746 2
0.482483 2
0.482202 2
0.481921 2
0.481779 2
0.481658 2
0.481513 2
0.481387 2
0.481242 2
0.481102 2
0.480966 2
0.480831 2
0.480686 2
0.480568 2
0.480413 2
0.480132 2
0.480003 2
0.479878 2
0.47974 2
0.479445 2
0.479312 2
0.479164 2
0.478879 2
0.478765 2
0.47863 2
0.478482 2
0.478348 2
0.478065 2
0.477789 2
0.477641 2
0.477489 2
0.477351 2
0.477203 2
0.476897 2
0.476766 2
0.476637 2
0.476221 2
0.476099 2
0.475801 2
0.475674 2
0.475562 2
0.475428 2
0.475286 2
0.475037 2
0.474892 2
0.474459 2
0.474307 2
0.474182 2
0.473752 2
0.473479 2
0.473182 2
0.472881 2
0.472744 2
0.472595 2
0.472329 2
0.472045 2
0.471905 2
0.471758 2
0.471474 2
0.471187 2
0.471051 2
0.47091 2
0.470766 2
0.47063 2
0.470493 2
0.470366 2
0.470221 2
0.470106 2
0.46984 2
0.469693 2
0.469409 2
0.469273 2
0.468989 2
0.468689 2
0.468541 2
0.468389 2
0.468248 2
0.467961 2
0.467698 2
0.467446 2
0.467321 2
0.467062 2
0.466945 2
0.466656 2
0.466515 2
0.466236 2
0.466101 2
0.465946 2
0.465816 2
0.465555 2
0.46544 2
0.465293 2
0.465159 2
0.464909 2
0.464495 2
0.464366 2
0.464117 2
0.463843 2
0.463697 2
0.463573 2
0.463424 2
0.463281 2
0.463136 2
0.463009 2
0.462894 2
0.462759 2
0.462477 2
0.462329 2
0.462043 2
0.461899 2
0.461791 2
0.461498 2
0.461365 2
0.460804 2
0.460657 2
0.460405 2
0.45983 2
0.459688 2
0.459328 1
0.459199 1
0.459057 1
0.458786 1
0.458645 1
0.458504 1
0.458117 1
0.457832 1
0.457686 1
0.457535 1
0.456961 1
0.456389 1
0.455543 1
0.455419 1
0.455121 1
0.454985 1
0.454718 1
0.454569 1
0.454255 1
0.453856 1
0.453723 1
0.453417 1
0.453275 1
0.452867 1
0.452722 1
0.452595 1
0.452334 1
0.452072 1
0.451947 1
0.451664 1
0.451521 1
0.451381 1
0.450939 1
0.45084 1
0.450554 1
0.450431 1
0.450295 1
0.449991 1
0.449841 1
0.449433 1
0.449164 1
0.448736 1
0.448447 1
0.448311 1
0.44805 1
0.447751 1
0.447309 1
0.447171 1
0.446725 1
0.446427 1
0.446148 1
0.446005 1
0.445704 1
0.445429 1
0.445027 1
0.444607 1
0.444451 1
0.444194 1
0.443899 1
0.443469 1
0.443332 1
0.443052 1
0.4429 1
0.442211 1
0.441351 1
0.440762 1
0.440464 1
0.440317 1
0.439621 1
0.439323 1
0.438885 1
0.438746 1
0.438586 1
0.438013 1
0.43771 1
0.437457 1
0.43732 1
0.436668 1
0.436517 1
0.43637 1
0.436241 1
0.436101 1
0.435801 1
0.435245 1
0.435092 1
0.434952 1
0.434823 1
0.43452 1
0.434366 1
0.433834 1
0.432992 1
0.432445 1
0.432148 1
0.431573 1
0.43117 1
0.431032 1
0.430899 1
0.430786 1
0.430649 1
0.430215 1
0.43009 1
0.429678 1
0.428985 1
0.428706 1
0.428569 1
0.428301 1
0.427924 1
0.427377 1
0.427224 1
0.427093 1
0.426286 1
0.425754 1
0.425063 1
0.424645 1
0.424059 1
0.423611 1
0.423029 1
0.422902 1
0.422767 1
0.422186 1
0.422066 1
0.421913 1
0.421401 1
0.421282 1
0.420868 1
0.420208 1
0.420101 1
0.419524 1
0.419082 1
0.418341 1
0.417544 1
0.417264 1
0.416816 1
0.416562 1
0.416158 1
0.415591 1
0.415432 1
0.415291 1
0.414876 1
0.414722 1
0.414293 1
0.413638 0
0.413202 0
0.412339 0
0.412055 0
0.411212 0
0.410526 0
0.409668 0
0.409093 0
0.408302 0
0.40801 0
0.407136 0
0.406882 0
0.406465 0
0.406041 0
0.405768 0
0.405346 0
0.404072 0
0.403088 0
0.402656 0
0.402235 0
0.401695 0
0.400693 0
0.399979 0
0.399389 0
0.398551 0
0.39801 0
0.397426 0
0.397134 0
0.396745 0
0.396355 0
0.395143 0
0.394 0
0.393159 0
0.392338 0
0.391233 0
0.389956 0
0.389419 0
0.388145 0
0.387292 0
0.386563 0
0.385569 0
0.385287 0
0.384461 0
0.383919 0
0.383493 0
0.382688 0
0.381705 0
0.380707 0
0.379865 0
0.379164 0
0.378597 0
0.377938 0
0.376261 0
0.375159 0
0.374066 0
0.373511 0
0.372806 0
0.371251 0
0.370666 0
0.370252 0
0.369423 0
0.368866 0
0.367549 0
0.366051 0
0.365345 0
0.364653 0
0.363925 0
0.362941 0
0.361404 0
0.359298 0
0.358285 0
0.356603 0
0.355658 0
0.35362 0
0.35164 0
0.350701 0
0.34856 0
0.346331 0
0.345223 0
0.343646 0
0.341943 0
0.340522 0
0.338389 0
0.336533 0
0.334108 0
0.33201 0
0.330347 0
0.329663 0
0.328343 0
0.327052 0
0.324535 0
0.322121 0
0.319515 0
0.316524 0
0.313118 0
0.309583 0
0.30694 0
0.304268 0
0.300989 0
0.299129 0
0.296826 0
0.2927 0
0.290555 0
0.286621 0
0.281714 0
0.277276 0
0.274057 0
0.26865 0
0.264313 0
0.256905 0
0.249446 0
0.241849 0
0.230647 0
0.221222 0
0.204462 0
0.187866 0
0.163977 0
0.128553 0
0.0802207 0
0 0
