0.858248 105 0.70015
0.858055 105 0.702459
0.857861 105 0.706157
0.857668 105 0.708716
0.857474 105 0.709055
0.857474 104 0.709078
0.857474 103 0.70968
0.857281 103 0.709692
0.857281 102 0.71007
0.857088 102 0.712358
0.856894 102 0.713566
0.856701 102 0.715944
0.856701 101 0.719958
0.856507 101 0.720667
0.856314 101 0.721465
0.856314 100 0.725058
0.856121 100 0.725465
0.856121 99 0.725707
0.855927 99 0.729175
0.855734 99 0.72958
0.855541 99 0.730394
0.855347 99 0.730443
0.855154 99 0.732351
0.855154 98 0.735784
0.85496 98 0.737205
0.854767 98 0.739693
0.854574 98 0.740905
0.85438 98 0.742529
0.854187 98 0.743335
0.853993 98 0.744386
0.8538 98 0.746331
0.853607 98 0.747472
0.853607 97 0.748758
0.853413 97 0.752045
0.85322 97 0.756011
0.853026 97 0.757047
0.852833 97 0.760849
0.852833 96 0.765954
0.852833 95 0.7664
0.852833 94 0.769116
0.852833 93 0.76947
0.852833 92 0.770257
0.85264 92 0.770805
0.852446 92 0.771508
0.852446 91 0.773021
0.852446 90 0.774
0.852253 90 0.774199
0.85206 90 0.779069
0.85206 89 0.779475
0.851866 89 0.779543
0.851673 89 0.780942
0.851479 89 0.782723
0.851286 89 0.78372
0.851286 88 0.784926
0.851093 88 0.785664
0.850899 88 0.78644
0.850706 88 0.786849
0.850512 88 0.788169
0.850512 87 0.789126
0.850319 87 0.791111
0.850126 87 0.791668
0.850126 86 0.792796
0.850126 85 0.792884
0.849932 85 0.792922
0.849932 84 0.793423
0.849932 83 0.793556
0.849739 83 0.793874
0.849546 83 0.796268
0.849352 83 0.796518
0.849159 83 0.797919
0.849159 82 0.800676
0.848965 82 0.802391
0.848965 81 0.802632
0.848965 80 0.802822
0.848772 80 0.803934
0.848579 80 0.804702
0.848385 80 0.805335
0.848385 79 0.808489
0.848192 79 0.809453
0.847998 79 0.812621
0.847805 79 0.812633
0.847612 79 0.813068
0.847418 79 0.814533
0.847225 79 0.81524
0.847032 79 0.816
0.846838 79 0.816309
0.846838 78 0.81674
0.846645 78 0.817608
0.846645 77 0.817737
0.846645 76 0.817893
0.846645 75 0.818126
0.846451 75 0.818458
0.846258 75 0.823631
0.846065 75 0.82585
0.845871 75 0.827537
0.845871 74 0.829524
0.845678 74 0.83424
0.845484 74 0.835096
0.845484 73 0.835301
0.845484 72 0.837191
0.845291 72 0.837806
0.845291 71 0.838835
0.845098 71 0.839023
0.844904 71 0.839777
0.844711 71 0.841529
0.844518 71 0.842777
0.844324 71 0.843584
0.844131 71 0.843835
0.843937 71 0.844095
0.843744 71 0.847164
0.843551 71 0.847257
0.843551 70 0.847973
0.843357 70 0.850619
0.843164 70 0.851395
0.84297 70 0.851398
0.842777 70 0.852115
0.842584 70 0.85249
0.842584 69 0.852687
0.84239 69 0.85398
0.84239 68 0.855294
0.842197 68 0.855369
0.842197 67 0.855567
0.842003 67 0.855946
0.84181 67 0.855995
0.841617 67 0.856509
0.841423 67 0.856777
0.841423 66 0.857104
0.84123 66 0.857897
0.841037 66 0.858637
0.841037 65 0.859561
0.841037 64 0.859613
0.840843 64 0.861891
0.84065 64 0.862168
0.84065 63 0.863346
0.840456 63 0.863686
0.840263 63 0.863707
0.84007 63 0.865487
0.839876 63 0.86618
0.839876 62 0.867514
0.839876 61 0.867726
0.839683 61 0.869177
0.839489 61 0.869349
0.839296 61 0.869501
0.839103 61 0.869669
0.839103 60 0.870143
0.838909 60 0.871108
0.838909 59 0.871166
0.838716 59 0.871204
0.838523 59 0.87127
0.838329 59 0.871455
0.838136 59 0.872138
0.837942 59 0.873608
0.837749 59 0.874245
0.837556 59 0.874694
0.837362 59 0.875359
0.837169 59 0.875726
0.836975 59 0.875945
0.836782 59 0.875995
0.836589 59 0.876392
0.836395 59 0.877959
0.836202 59 0.878093
0.836009 59 0.878588
0.835815 59 0.878786
0.835815 58 0.879873
0.835622 58 0.880063
0.835622 57 0.880245
0.835428 57 0.882878
0.835428 56 0.883842
0.835428 55 0.884293
0.835235 55 0.8843
0.835042 55 0.884383
0.834848 55 0.884625
0.834655 55 0.885911
0.834461 55 0.887552
0.834268 55 0.888285
0.834268 54 0.888607
0.834268 53 0.889152
0.834268 52 0.891332
0.834268 51 0.892717
0.834075 51 0.894213
0.833881 51 0.89494
0.833688 51 0.895648
0.833494 51 0.897248
0.833301 51 0.897553
0.833108 51 0.897683
0.833108 50 0.898055
0.832914 50 0.898082
0.832721 50 0.898286
0.832528 50 0.898602
0.832528 49 0.900231
0.832334 49 0.900368
0.832141 49 0.900744
0.832141 48 0.901442
0.832141 47 0.901786
0.832141 46 0.902015
0.831947 46 0.902052
0.831754 46 0.902641
0.831561 46 0.903258
0.831561 45 0.904433
0.831367 45 0.905161
0.831174 45 0.905619
0.83098 45 0.906395
0.830787 45 0.906901
0.830787 44 0.907937
0.830594 44 0.9084
0.8304 44 0.908544
0.830207 44 0.908674
0.830207 43 0.910098
0.830014 43 0.911037
0.830014 42 0.911309
0.830014 41 0.911477
0.82982 41 0.911744
0.829627 41 0.911958
0.829433 41 0.912323
0.82924 41 0.91257
0.829047 41 0.912771
0.828853 41 0.912793
0.82866 41 0.912824
0.828466 41 0.916114
0.828273 41 0.916624
0.82808 41 0.917065
0.827886 41 0.917992
0.827886 40 0.919459
0.827693 40 0.919597
0.8275 40 0.920295
0.827306 40 0.920645
0.827113 40 0.920913
0.826919 40 0.921158
0.826726 40 0.921558
0.826533 40 0.922069
0.826339 40 0.922561
0.826146 40 0.922937
0.825759 40 0.924052
0.825566 40 0.924138
0.825372 40 0.924716
0.825179 40 0.925381
0.824985 40 0.925601
0.824792 40 0.92586
0.824599 40 0.926187
0.824405 40 0.927542
0.824212 40 0.928524
0.824019 40 0.928562
0.823825 40 0.928973
0.823825 39 0.929436
0.823632 39 0.929486
0.823438 39 0.930473
0.823245 39 0.931101
0.823052 39 0.9324
0.822858 39 0.932797
0.822858 38 0.933341
0.822665 38 0.933416
0.822471 38 0.933927
0.822278 38 0.934255
0.822085 38 0.934838
0.822085 37 0.934987
0.822085 36 0.93503
0.821891 36 0.935303
0.821698 36 0.935677
0.821505 36 0.93572
0.821311 36 0.935732
0.821118 36 0.935835
0.820924 36 0.936228
0.820731 36 0.937042
0.820538 36 0.937481
0.820344 36 0.938638
0.820151 36 0.938679
0.820151 35 0.938872
0.819957 35 0.939164
0.819764 35 0.939815
0.819571 35 0.940124
0.819377 35 0.942458
0.819184 35 0.942545
0.818991 35 0.942866
0.818797 35 0.943292
0.818604 35 0.943379
0.81841 35 0.944106
0.818217 35 0.944272
0.818024 35 0.944283
0.81783 35 0.944431
0.81783 34 0.944516
0.817637 34 0.945511
0.817637 33 0.946092
0.817443 33 0.946117
0.817443 32 0.946247
0.81725 32 0.946383
0.817057 32 0.947006
0.817057 31 0.947709
0.816863 31 0.948065
0.81667 31 0.948835
0.816477 31 0.94888
0.816283 31 0.948915
0.81609 31 0.949096
0.815896 31 0.949273
0.815703 31 0.949354
0.815703 30 0.950077
0.81551 30 0.952139
0.81551 29 0.95288
0.815316 29 0.954177
0.815123 29 0.954188
0.815123 28 0.954266
0.814929 28 0.954343
0.814736 28 0.954536
0.814543 28 0.954604
0.814349 28 0.954629
0.814156 28 0.954735
0.813962 28 0.955097
0.813769 28 0.955521
0.813576 28 0.955549
0.813189 28 0.955678
0.812996 28 0.955796
0.812802 28 0.956596
0.812609 28 0.956632
0.812609 27 0.956676
0.812415 27 0.956737
0.812415 26 0.957286
0.812222 26 0.957718
0.812029 26 0.957764
0.811835 26 0.9587
0.811642 26 0.958908
0.811448 26 0.958915
0.811255 26 0.959116
0.811255 25 0.959207
0.811062 25 0.959519
0.810868 25 0.959955
0.810675 25 0.959975
0.810482 25 0.960115
0.810288 25 0.960248
0.810095 25 0.960272
0.809901 25 0.960396
0.809708 25 0.960707
0.809515 25 0.96177
0.809321 25 0.96194
0.809128 25 0.962089
0.808934 25 0.962108
0.808741 25 0.962165
0.808548 25 0.963045
0.808354 25 0.963342
0.808161 25 0.963722
0.807968 25 0.963859
0.807968 24 0.964467
0.807774 24 0.965007
0.807581 24 0.965133
0.807387 24 0.965217
0.807194 24 0.965234
0.807001 24 0.965477
0.806807 24 0.966031
0.806614 24 0.966038
0.80642 24 0.966066
0.806227 24 0.966308
0.806034 24 0.966672
0.80584 24 0.966786
0.805647 24 0.966791
0.805453 24 0.966832
0.80526 24 0.967005
0.805067 24 0.96738
0.804873 24 0.967489
0.80468 24 0.96752
0.804487 24 0.967928
0.804293 24 0.968312
0.8041 24 0.968325
0.803906 24 0.968467
0.803713 24 0.968764
0.803713 23 0.9689
0.80352 23 0.969293
0.803326 23 0.969541
0.803133 23 0.969562
0.802939 23 0.969635
0.802939 22 0.969872
0.802746 22 0.969904
0.802553 22 0.970253
0.802359 22 0.970309
0.802166 22 0.970454
0.801973 22 0.970605
0.801779 22 0.970647
0.801586 22 0.971214
0.801392 22 0.971282
0.801199 22 0.971391
0.801006 22 0.971447
0.800812 22 0.971559
0.800619 22 0.971893
0.800425 22 0.972083
0.800232 22 0.972098
0.800039 22 0.972446
0.799845 22 0.972754
0.799652 22 0.972915
0.799459 22 0.97293
0.799265 22 0.973006
0.799072 22 0.973144
0.798878 22 0.973213
0.798685 22 0.973971
0.798492 22 0.974216
0.798298 22 0.974673
0.798298 21 0.97479
0.798105 21 0.975437
0.797911 21 0.975567
0.797718 21 0.975822
0.797525 21 0.975936
0.797331 21 0.975947
0.797331 20 0.976025
0.797138 20 0.976252
0.796944 20 0.976367
0.796751 20 0.97658
0.796558 20 0.976878
0.796364 20 0.976937
0.796171 20 0.97713
0.795978 20 0.978276
0.795784 20 0.978741
0.795591 20 0.978782
0.795397 20 0.978783
0.795204 20 0.979263
0.795011 20 0.979265
0.794817 20 0.97939
0.794624 20 0.979525
0.79443 20 0.979683
0.794237 20 0.97969
0.794044 20 0.979707
0.79385 20 0.980003
0.793657 20 0.98014
0.793464 20 0.980203
0.79327 20 0.980302
0.793077 20 0.980367
0.792883 20 0.980549
0.79269 20 0.980624
0.792497 20 0.980752
0.792303 20 0.980807
0.79211 20 0.980826
0.791916 20 0.98083
0.791723 20 0.980865
0.79153 20 0.980963
0.791336 20 0.981143
0.791143 20 0.981201
0.79095 20 0.981626
0.790756 20 0.981687
0.790563 20 0.981969
0.790563 19 0.982184
0.790369 19 0.982343
0.790176 19 0.982381
0.789983 19 0.982425
0.789789 19 0.982504
0.789596 19 0.982559
0.789402 19 0.982632
0.789209 19 0.982773
0.789016 19 0.982926
0.788822 19 0.983311
0.788629 19 0.98333
0.788436 19 0.983449
0.788242 19 0.983979
0.788049 19 0.984045
0.788049 18 0.984138
0.787855 18 0.984347
0.787662 18 0.98445
0.787469 18 0.98456
0.787275 18 0.984564
0.787275 17 0.984586
0.787082 17 0.984643
0.786888 17 0.984772
0.786695 17 0.984838
0.786502 17 0.984918
0.786308 17 0.984951
0.786115 17 0.985191
0.786115 16 0.985475
0.785921 16 0.985599
0.785728 16 0.985802
0.785535 16 0.985831
0.785341 16 0.986035
0.785148 16 0.986099
0.784955 16 0.986151
0.784955 15 0.986368
0.784761 15 0.986564
0.784568 15 0.986628
0.784374 15 0.986678
0.784181 15 0.986686
0.783988 15 0.986713
0.783794 15 0.986937
0.783601 15 0.986952
0.783407 15 0.98701
0.783214 15 0.987025
0.783214 14 0.987047
0.783021 14 0.987176
0.783021 13 0.987195
0.782827 13 0.987326
0.782634 13 0.987435
0.782441 13 0.987526
0.782247 13 0.987532
0.782054 13 0.987717
0.78186 13 0.987728
0.781667 13 0.987813
0.781474 13 0.987981
0.78128 13 0.988012
0.781087 13 0.988074
0.780893 13 0.988118
0.7807 13 0.988178
0.780507 13 0.988329
0.780507 12 0.988415
0.780313 12 0.988609
0.78012 12 0.988781
0.779927 12 0.988823
0.779927 11 0.988835
0.779927 10 0.988856
0.779733 10 0.988865
0.77954 10 0.988904
0.779346 10 0.989027
0.779153 10 0.989087
0.778766 10 0.989232
0.778573 10 0.989257
0.778379 10 0.98929
0.778186 10 0.989337
0.777993 10 0.989339
0.777799 10 0.989472
0.777606 10 0.989634
0.777412 10 0.989782
0.777219 10 0.989794
0.777026 10 0.989807
0.776832 10 0.989822
0.776639 10 0.989867
0.776446 10 0.989933
0.776252 10 0.989982
0.776059 10 0.989985
0.775865 10 0.990035
0.775672 10 0.990066
0.775479 10 0.990077
0.775285 10 0.990131
0.775092 10 0.990162
0.774898 10 0.990197
0.774705 10 0.990232
0.774512 10 0.990391
0.774318 10 0.99042
0.774125 10 0.990426
0.773932 10 0.990439
0.773738 10 0.990476
0.773738 9 0.990507
0.773738 8 0.990637
0.773545 8 0.990679
0.773351 8 0.990689
0.773158 8 0.990766
0.772965 8 0.990825
0.772771 8 0.990893
0.772578 8 0.990904
0.772384 8 0.990914
0.772191 8 0.990938
0.772191 7 0.99094
0.771998 7 0.991067
0.771804 7 0.991096
0.771611 7 0.991114
0.771418 7 0.99113
0.771224 7 0.991206
0.771031 7 0.991235
0.770837 7 0.991294
0.770644 7 0.991452
0.770644 6 0.991497
0.770451 6 0.991583
0.770257 6 0.99163
0.770064 6 0.991721
0.76987 6 0.991824
0.769677 6 0.991843
0.769484 6 0.991945
0.76929 6 0.991994
0.769097 6 0.992017
0.768904 6 0.992018
0.76871 6 0.992096
0.768517 6 0.992208
0.768323 6 0.992233
0.76813 6 0.992253
0.767937 6 0.992255
0.767743 6 0.992265
0.76755 6 0.992267
0.767356 6 0.992376
0.767163 6 0.992426
0.76697 6 0.992438
0.766776 6 0.992457
0.766583 6 0.992471
0.766389 6 0.992504
0.766196 6 0.992546
0.766003 6 0.992547
0.765809 6 0.992581
0.765616 6 0.992582
0.765423 6 0.992665
0.765229 6 0.992703
0.765036 6 0.992831
0.764842 6 0.992864
0.764649 6 0.99294
0.764456 6 0.992979
0.764262 6 0.993252
0.764069 6 0.993278
0.763875 6 0.993343
0.763682 6 0.993393
0.763489 6 0.993495
0.763295 6 0.993549
0.763102 6 0.993619
0.762909 6 0.993668
0.762715 6 0.993673
0.762328 6 0.993683
0.762135 6 0.993799
0.761942 6 0.993856
0.761748 6 0.993908
0.761555 6 0.993946
0.761361 6 0.993996
0.761168 6 0.994061
0.760975 6 0.994095
0.760781 6 0.994135
0.760588 6 0.994139
0.760395 6 0.99422
0.760201 6 0.994301
0.760008 6 0.994323
0.759814 6 0.994354
0.759621 6 0.994371
0.759428 6 0.994373
0.759234 6 0.994413
0.759041 6 0.994419
0.758847 6 0.994457
0.758654 6 0.994599
0.758461 6 0.994613
0.758267 6 0.994686
0.758074 6 0.994723
0.75788 6 0.994736
0.757687 6 0.994761
0.757494 6 0.994775
0.7573 6 0.994801
0.757107 6 0.994808
0.756914 6 0.994813
0.75672 6 0.994867
0.756527 6 0.99487
0.756333 6 0.994981
0.75614 6 0.995111
0.755947 6 0.995153
0.755753 6 0.995177
0.75556 6 0.995179
0.755366 6 0.995222
0.755173 6 0.995263
0.75498 6 0.995296
0.754786 6 0.995319
0.754593 6 0.995332
0.7544 6 0.995353
0.754206 6 0.995382
0.754013 6 0.995385
0.753819 6 0.995443
0.753626 6 0.995512
0.753433 6 0.995569
0.753046 6 0.995585
0.752852 6 0.995593
0.752659 6 0.995625
0.752466 6 0.995628
0.752272 6 0.995647
0.752079 6 0.995649
0.751886 6 0.995675
0.751692 6 0.995677
0.751499 6 0.99569
0.751305 6 0.995694
0.751112 6 0.995726
0.750919 6 0.995748
0.750725 6 0.995776
0.750532 6 0.995849
0.750338 6 0.995899
0.750145 6 0.9959
0.749952 6 0.995935
0.749758 6 0.995937
0.749565 6 0.995961
0.749371 6 0.995967
0.749178 6 0.99606
0.748985 6 0.996087
0.748791 6 0.99609
0.748598 6 0.996123
0.748405 6 0.996125
0.748211 6 0.996132
0.748018 6 0.996135
0.747631 6 0.996159
0.747438 6 0.99617
0.747438 5 0.99618
0.747244 5 0.99619
0.747051 5 0.996216
0.746857 5 0.996233
0.746664 5 0.996267
0.746471 5 0.996273
0.746277 5 0.996283
0.746084 5 0.996298
0.745891 5 0.996301
0.745697 5 0.996303
0.745504 5 0.996312
0.74531 5 0.996324
0.744924 5 0.996346
0.74473 5 0.996348
0.744537 5 0.99635
0.744343 5 0.996353
0.74415 5 0.996413
0.74415 4 0.996435
0.743957 4 0.996444
0.74357 4 0.996451
0.743377 4 0.996495
0.743183 4 0.996524
0.74299 4 0.99653
0.742796 4 0.996557
0.742603 4 0.996569
0.74241 4 0.996634
0.742216 4 0.996699
0.742023 4 0.996712
0.741829 4 0.996745
0.741636 3 0.996749
0.741443 3 0.996772
0.741249 3 0.996795
0.741056 3 0.996804
0.740863 3 0.996835
0.740669 3 0.996861
0.740476 3 0.996888
0.740282 3 0.996911
0.740089 3 0.996924
0.739896 3 0.996934
0.739702 3 0.996943
0.739509 3 0.996953
0.739315 3 0.996959
0.739122 3 0.996961
0.738929 3 0.996985
0.738735 3 0.996993
0.738542 3 0.997004
0.738348 3 0.997013
0.738155 3 0.997018
0.737962 3 0.997052
0.737768 3 0.997084
0.737575 3 0.997107
0.737382 3 0.997119
0.737188 3 0.997138
0.736995 3 0.997153
0.736801 3 0.997157
0.736608 3 0.997216
0.736415 3 0.997221
0.736221 3 0.997225
0.736028 3 0.99723
0.735834 3 0.99727
0.735641 3 0.997274
0.735448 3 0.997298
0.735254 3 0.997305
0.735061 3 0.997312
0.734868 3 0.997315
0.734674 3 0.997325
0.734481 3 0.997331
0.734287 3 0.997362
0.734094 3 0.99739
0.733901 3 0.997392
0.733707 3 0.997414
0.73332 3 0.997465
0.733127 3 0.9975
0.73274 3 0.99752
0.732547 3 0.997527
0.732354 3 0.99753
0.73216 3 0.997541
0.731773 3 0.997544
0.73158 3 0.997563
0.731387 3 0.997575
0.731193 3 0.997586
0.731 3 0.997598
0.730806 3 0.997606
0.730613 3 0.997653
0.73042 3 0.997655
0.730226 3 0.99766
0.730033 3 0.997664
0.729839 3 0.997687
0.729646 3 0.99769
0.729453 3 0.997693
0.729259 3 0.997706
0.728873 3 0.997713
0.728679 3 0.997715
0.728486 3 0.997736
0.728099 3 0.997768
0.727906 3 0.997775
0.727712 3 0.997777
0.727519 3 0.997778
0.727325 3 0.997783
0.727132 3 0.997799
0.726745 3 0.9978
0.726552 3 0.997821
0.726359 3 0.99783
0.726165 3 0.997831
0.725972 3 0.997834
0.725778 3 0.997835
0.725585 3 0.997843
0.725392 3 0.997859
0.725198 3 0.997864
0.725005 3 0.997866
0.724811 3 0.997867
0.724618 3 0.997873
0.724425 3 0.997877
0.724231 3 0.997897
0.724038 3 0.997921
0.723845 3 0.99793
0.723458 3 0.997931
0.723264 3 0.997935
0.722878 3 0.997937
0.722684 3 0.997939
0.722491 3 0.997969
0.722297 3 0.997985
0.722104 3 0.997986
0.721911 3 0.997997
0.721717 3 0.998008
0.721524 3 0.998021
0.72133 3 0.998028
0.720944 3 0.998034
0.72075 3 0.998038
0.720557 3 0.998042
0.720364 3 0.99806
0.72017 3 0.998075
0.719977 3 0.998077
0.719783 3 0.998102
0.71959 3 0.998107
0.719397 3 0.998111
0.71901 3 0.998116
0.718816 3 0.998128
0.718623 3 0.998134
0.71843 3 0.998153
0.718236 3 0.998155
0.718043 3 0.998205
0.71785 3 0.998208
0.717656 3 0.998229
0.717463 3 0.99823
0.717076 3 0.998232
0.716883 3 0.998234
0.716689 3 0.998241
0.716302 3 0.998243
0.716109 3 0.998254
0.715916 3 0.99826
0.715722 3 0.998268
0.715529 3 0.99827
0.715336 3 0.998275
0.715142 3 0.998277
0.714949 3 0.998282
0.714755 3 0.998292
0.714562 3 0.998294
0.714369 3 0.998304
0.714175 3 0.998308
0.713788 3 0.998315
0.713595 3 0.998318
0.713402 3 0.998352
0.713208 3 0.998353
0.712822 3 0.998356
0.712628 3 0.998359
0.712435 3 0.998374
0.712241 3 0.998392
0.712048 3 0.998411
0.711855 3 0.998414
0.711661 3 0.998418
0.711468 3 0.99842
0.711274 3 0.998436
0.711081 3 0.998437
0.710888 3 0.998468
0.710694 3 0.998485
0.710501 3 0.9985
0.710114 3 0.998505
0.709921 3 0.998509
0.709727 3 0.998513
0.709534 3 0.998516
0.709147 3 0.998518
0.708954 3 0.998521
0.70876 3 0.998536
0.708374 3 0.998557
0.70818 3 0.998561
0.707987 3 0.998566
0.707793 3 0.998572
0.7076 3 0.998583
0.707407 3 0.998584
0.707213 3 0.998594
0.706827 3 0.998601
0.70644 3 0.998604
0.70586 3 0.998608
0.705666 3 0.998614
0.705473 3 0.998616
0.705279 3 0.998618
0.705086 3 0.998619
0.704893 3 0.998641
0.704699 3 0.998651
0.704506 3 0.998656
0.704313 3 0.998664
0.704119 3 0.998684
0.703926 3 0.998685
0.703732 3 0.998688
0.703539 3 0.99869
0.703152 3 0.998698
0.702572 3 0.998705
0.702185 3 0.998708
0.701992 3 0.99872
0.701798 3 0.998735
0.701605 3 0.998751
0.701412 3 0.998753
0.701218 3 0.998755
0.701025 3 0.998769
0.700832 3 0.998774
0.700638 3 0.998777
0.700445 3 0.998789
0.700058 3 0.998823
0.699671 3 0.998826
0.699478 3 0.998829
0.699284 3 0.998843
0.699091 3 0.998852
0.698898 3 0.998858
0.698704 3 0.998867
0.698511 3 0.998876
0.698318 3 0.99891
0.698124 3 0.998912
0.697931 3 0.998914
0.697737 3 0.99892
0.697544 3 0.998922
0.697351 3 0.998924
0.697157 3 0.998933
0.696964 3 0.998939
0.69677 3 0.998942
0.696577 3 0.998945
0.69619 3 0.998946
0.695997 3 0.998963
0.695804 3 0.998965
0.695417 3 0.998966
0.695223 3 0.998975
0.69503 3 0.99898
0.694837 3 0.998985
0.694643 3 0.998986
0.69445 3 0.998987
0.694256 3 0.998988
0.694063 3 0.998999
0.69387 3 0.99901
0.693676 3 0.999015
0.693483 3 0.999019
0.693289 3 0.999035
0.693096 3 0.999043
0.692903 3 0.999048
0.692709 3 0.999049
0.692516 3 0.999054
0.692323 3 0.999057
0.692129 3 0.999058
0.691936 3 0.999067
0.691742 3 0.99907
0.691549 3 0.999071
0.691356 3 0.999074
0.691162 3 0.999077
0.690969 3 0.999078
0.690775 3 0.999081
0.690389 3 0.999084
0.690195 3 0.999087
0.690002 3 0.99909
0.689809 3 0.999096
0.689615 3 0.999102
0.689422 3 0.999106
0.689228 3 0.999114
0.688842 3 0.999115
0.688648 3 0.999119
0.688455 3 0.999121
0.688261 3 0.999125
0.688068 3 0.999127
0.687875 3 0.999129
0.687681 3 0.999134
0.687488 3 0.999139
0.687295 3 0.99914
0.687101 3 0.999142
0.686908 3 0.999143
0.686714 3 0.999145
0.686521 3 0.999146
0.686521 2 0.999149
0.686328 2 0.99915
0.686134 2 0.999154
0.685747 2 0.999155
0.685554 2 0.99916
0.685361 2 0.999162
0.685167 2 0.999165
0.684974 2 0.999169
0.684781 2 0.99917
0.684394 2 0.999175
0.6842 2 0.999177
0.684007 2 0.999188
0.683814 2 0.999189
0.68362 2 0.999195
0.683233 2 0.999203
0.68304 2 0.999204
0.682847 2 0.999205
0.682653 2 0.99921
0.68246 2 0.999213
0.682266 2 0.999214
0.682073 2 0.999216
0.68188 2 0.999217
0.681686 2 0.999218
0.681493 2 0.99922
0.6813 2 0.999225
0.681106 2 0.99923
0.680913 2 0.999232
0.680719 2 0.999233
0.680526 2 0.999235
0.680333 2 0.999239
0.680139 2 0.999246
0.679946 2 0.999248
0.679752 2 0.999256
0.679559 2 0.999258
0.679366 2 0.99926
0.678786 2 0.999261
0.678399 2 0.999266
0.678205 2 0.99927
0.678012 2 0.999273
0.677819 2 0.999274
0.677625 2 0.999278
0.677432 2 0.999281
0.677238 2 0.999284
0.677045 2 0.999287
0.676852 2 0.999289
0.676658 2 0.999294
0.676465 2 0.999295
0.676272 2 0.999296
0.675885 2 0.9993
0.675691 2 0.999308
0.675498 2 0.999313
0.675305 2 0.999314
0.675111 2 0.999316
0.674918 2 0.999317
0.674724 2 0.999321
0.674531 2 0.999323
0.674144 2 0.999324
0.673951 2 0.999327
0.673757 2 0.999331
0.673564 2 0.999332
0.673371 2 0.99934
0.673177 2 0.999343
0.672984 2 0.999348
0.672791 2 0.999351
0.672597 2 0.999352
0.672404 2 0.999353
0.672017 2 0.999354
0.67163 2 0.999355
0.671437 2 0.999356
0.67105 2 0.999357
0.670857 2 0.99936
0.670663 2 0.999367
0.670277 2 0.999369
0.670083 2 0.999375
0.66989 2 0.999376
0.669503 2 0.999381
0.66931 2 0.999383
0.669116 2 0.999385
0.668923 2 0.999391
0.668536 2 0.999395
0.668343 2 0.9994
0.668149 2 0.999402
0.667956 2 0.999408
0.667763 2 0.999411
0.667569 2 0.999412
0.667376 2 0.999415
0.667182 2 0.999416
0.666989 2 0.999421
0.666796 2 0.999422
0.666602 2 0.999426
0.666409 2 0.999427
0.666215 2 0.999431
0.666022 2 0.999433
0.665829 2 0.999435
0.665635 2 0.999437
0.665442 2 0.999439
0.665249 2 0.999444
0.665055 2 0.999446
0.664862 2 0.999452
0.664668 2 0.999453
0.664282 2 0.999455
0.664088 2 0.999456
0.663895 2 0.999458
0.663701 2 0.999465
0.663508 2 0.999468
0.663315 2 0.999469
0.662928 2 0.999473
0.662734 2 0.999475
0.662541 2 0.999477
0.662348 2 0.99948
0.661961 2 0.999481
0.661768 2 0.999483
0.661574 2 0.999484
0.661187 2 0.999485
0.660801 2 0.999486
0.660414 2 0.999488
0.660027 2 0.99949
0.65964 2 0.999492
0.659447 2 0.999493
0.659254 2 0.999494
0.65906 2 0.999496
0.658867 2 0.999503
0.658673 2 0.999504
0.65848 2 0.999508
0.658287 2 0.999511
0.658093 2 0.999512
0.6579 2 0.99952
0.657706 2 0.999523
0.657513 2 0.999525
0.657126 2 0.999527
0.656933 2 0.999529
0.65674 2 0.999531
0.656546 2 0.999532
0.656159 2 0.999537
0.655966 2 0.999538
0.655773 2 0.999543
0.655386 2 0.999546
0.655192 2 0.999547
0.654999 2 0.999548
0.654806 2 0.999549
0.654612 2 0.99955
0.654225 2 0.999554
0.653839 2 0.999559
0.653645 2 0.99956
0.653452 2 0.999561
0.653259 2 0.999562
0.653065 2 0.999564
0.652678 2 0.999565
0.652485 2 0.999568
0.652292 2 0.99957
0.651711 2 0.999572
0.651518 2 0.999573
0.651131 2 0.999574
0.650938 2 0.999576
0.650745 2 0.999577
0.650551 2 0.999579
0.650358 2 0.999582
0.649971 2 0.999586
0.649778 2 0.999588
0.649197 2 0.999589
0.649004 2 0.999591
0.648811 2 0.999595
0.648231 2 0.999596
0.647844 2 0.999597
0.647457 2 0.999599
0.64707 2 0.999603
0.646877 2 0.999607
0.646683 2 0.999613
0.646297 2 0.999614
0.64591 2 0.999615
0.645716 2 0.999616
0.645523 2 0.999617
0.645136 2 0.999619
0.64475 2 0.999621
0.644556 2 0.999622
0.644363 2 0.999623
0.644169 2 0.999624
0.643976 2 0.999625
0.643783 2 0.999626
0.643589 2 0.999629
0.643396 2 0.999631
0.643202 2 0.999633
0.642816 2 0.999634
0.642622 2 0.999635
0.642236 2 0.999636
0.642042 2 0.999637
0.641655 2 0.999638
0.641269 2 0.999639
0.641075 2 0.99964
0.640882 2 0.999642
0.640688 2 0.999644
0.640302 2 0.999646
0.639915 2 0.999647
0.639528 2 0.999649
0.639335 2 0.99965
0.638948 2 0.999653
0.638755 2 0.999654
0.638368 2 0.999655
0.638174 2 0.999659
0.637788 2 0.999662
0.637594 2 0.999668
0.637401 2 0.999669
0.637208 2 0.999672
0.636821 2 0.999674
0.636627 2 0.999675
0.636434 2 0.999676
0.636241 2 0.999677
0.635854 2 0.999683
0.635274 2 0.999684
0.63508 2 0.999685
0.634693 2 0.999689
0.634307 2 0.99969
0.634113 2 0.999691
0.63392 2 0.999692
0.633727 2 0.999693
0.633533 2 0.999694
0.63334 2 0.999695
0.633146 2 0.999696
0.632953 2 0.999697
0.63276 2 0.999698
0.632373 2 0.999699
0.632179 2 0.9997
0.631793 2 0.999701
0.631599 2 0.999702
0.631406 2 0.999703
0.631019 2 0.999704
0.630826 2 0.999705
0.630052 2 0.999709
0.629859 2 0.999711
0.629472 2 0.999712
0.628699 2 0.999713
0.628505 2 0.999715
0.628118 1 0.999716
0.627925 1 0.999717
0.627732 1 0.999718
0.627345 1 0.999719
0.627151 1 0.99972
0.626958 1 0.999721
0.626378 1 0.999722
0.625991 1 0.999723
0.625798 1 0.999724
0.625604 1 0.999725
0.624831 1 0.999726
0.624057 1 0.999729
0.622897 1 0.99973
0.622704 1 0.999731
0.622317 1 0.999733
0.622123 1 0.999734
0.621737 1 0.999738
0.621543 1 0.999739
0.621156 1 0.99974
0.620576 1 0.999741
0.620383 1 0.999742
0.619996 1 0.999743
0.619803 1 0.999745
0.619223 1 0.999746
0.619029 1 0.999749
0.618836 1 0.99975
0.618449 1 0.999751
0.618062 1 0.999752
0.617869 1 0.999753
0.617482 1 0.999754
0.617289 1 0.999755
0.617095 1 0.999756
0.616515 1 0.999757
0.616322 1 0.99976
0.615935 1 0.999761
0.615742 1 0.999762
0.615548 1 0.999763
0.615161 1 0.999764
0.614968 1 0.999765
0.614388 1 0.999766
0.614001 1 0.999767
0.613421 1 0.999769
0.613034 1 0.99977
0.612841 1 0.999771
0.612454 1 0.999773
0.612067 1 0.999774
0.611487 1 0.999775
0.611294 1 0.999777
0.610714 1 0.999779
0.610327 1 0.99978
0.60994 1 0.999782
0.609747 1 0.999783
0.60936 1 0.999784
0.608973 1 0.999785
0.608393 1 0.999786
0.607813 1 0.999787
0.607619 1 0.999789
0.607233 1 0.99979
0.606846 1 0.999791
0.606266 1 0.999792
0.606072 1 0.999793
0.605686 1 0.999794
0.605492 1 0.999795
0.604525 1 0.999796
0.603365 1 0.999797
0.602591 1 0.999798
0.602205 1 0.999799
0.602011 1 0.9998
0.601044 1 0.999801
0.600658 1 0.999802
0.600077 1 0.999805
0.599884 1 0.999806
0.599691 1 0.999807
0.598917 1 0.999808
0.59853 1 0.999809
0.598143 1 0.99981
0.59795 1 0.999811
0.596983 1 0.999812
0.59679 1 0.999813
0.596596 1 0.999814
0.596403 1 0.999815
0.59621 1 0.999816
0.595823 1 0.999818
0.595049 1 0.999819
0.594856 1 0.99982
0.594663 1 0.999821
0.594469 1 0.999822
0.594082 1 0.999823
0.593889 1 0.999824
0.593115 1 0.999825
0.591955 1 0.999826
0.591182 1 0.999827
0.590795 1 0.999828
0.590021 1 0.999829
0.589441 1 0.99983
0.589248 1 0.999831
0.589054 1 0.999832
0.588861 1 0.999833
0.588668 1 0.999835
0.588087 1 0.999836
0.587894 1 0.999837
0.587314 1 0.999838
0.586347 1 0.999839
0.58596 1 0.99984
0.585767 1 0.999841
0.58538 1 0.999842
0.5848 1 0.999843
0.584026 1 0.999844
0.583833 1 0.999846
0.58364 1 0.999847
0.582479 1 0.999848
0.581706 1 0.999849
0.580739 1 0.99985
0.580159 1 0.999851
0.579385 1 0.999852
0.578805 1 0.999853
0.578031 1 0.999854
0.577838 1 0.999855
0.577645 1 0.999856
0.576871 1 0.999857
0.576678 1 0.999858
0.576484 1 0.999859
0.575711 1 0.99986
0.575517 1 0.999861
0.574937 1 0.999862
0.57397 1 0.999863
0.573777 1 0.999864
0.573003 1 0.999865
0.572423 1 0.999866
0.571456 1 0.999867
0.570296 1 0.999869
0.569909 1 0.99987
0.569329 1 0.999871
0.568942 1 0.999872
0.568362 1 0.999873
0.567588 1 0.999874
0.567395 1 0.999875
0.567202 1 0.999877
0.566622 1 0.999878
0.566428 1 0.999879
0.565848 1 0.99988
0.565074 0 0.999881
0.564494 0 0.999882
0.563334 0 0.999883
0.562947 0 0.999884
0.561787 0 0.999885
0.56082 0 0.999886
0.55966 0 0.999887
0.558886 0 0.999888
0.557726 0 0.999889
0.557339 0 0.99989
0.556179 0 0.999891
0.555792 0 0.999892
0.555212 0 0.999893
0.554632 0 0.999894
0.554245 0 0.999895
0.553665 0 0.999896
0.551924 0 0.999897
0.55057 0 0.999898
0.54999 0 0.999899
0.54941 0 0.9999
0.548637 0 0.999902
0.547283 0 0.999903
0.546316 0 0.999904
0.545542 0 0.999905
0.544382 0 0.999906
0.543609 0 0.999907
0.542835 0 0.999908
0.542448 0 0.999909
0.541868 0 0.99991
0.541288 0 0.999911
0.539547 0 0.999912
0.538 0 0.999913
0.53684 0 0.999914
0.53568 0 0.999915
0.534133 0 0.999916
0.532392 0 0.999917
0.531619 0 0.999918
0.529878 0 0.999919
0.528718 0 0.99992
0.527751 0 0.999921
0.526397 0 0.999922
0.52601 0 0.999923
0.52485 0 0.999924
0.524077 0 0.999925
0.523496 0 0.999926
0.522336 0 0.999927
0.520982 0 0.999928
0.519629 0 0.999929
0.518468 0 0.99993
0.517501 0 0.999931
0.516728 0 0.999932
0.515761 0 0.999933
0.51344 0 0.999934
0.511893 0 0.999935
0.510346 0 0.999936
0.509573 0 0.999937
0.508606 0 0.999938
0.506478 0 0.999939
0.505705 0 0.99994
0.505125 0 0.999941
0.503964 0 0.999942
0.503191 0 0.999943
0.50145 0 0.999944
0.499323 0 0.999945
0.498356 0 0.999946
0.497389 0 0.999947
0.496422 0 0.999948
0.495069 0 0.999949
0.492941 0 0.99995
0.490041 0 0.999951
0.488687 0 0.999952
0.486366 0 0.999953
0.485013 0 0.999954
0.482305 0 0.999955
0.479598 0 0.999956
0.478244 0 0.999957
0.475343 0 0.999958
0.472249 0 0.999959
0.470702 0 0.99996
0.468575 0 0.999961
0.466254 0 0.999962
0.46432 0 0.999963
0.461419 0 0.999964
0.458905 0 0.999965
0.455618 0 0.999966
0.452717 0 0.999967
0.450396 0 0.999968
0.44943 0 0.999969
0.447689 0 0.99997
0.445949 0 0.999971
0.442468 0 0.999972
0.43918 0 0.999973
0.435699 0 0.999974
0.431638 0 0.999975
0.426997 0 0.999976
0.422162 0 0.999977
0.418488 0 0.999978
0.414813 0 0.999979
0.410365 0 0.99998
0.407851 0 0.999981
0.404757 0 0.999982
0.399149 0 0.999983
0.396248 0 0.999984
0.390833 0 0.999985
0.384065 0 0.999986
0.377877 0 0.999987
0.373429 0 0.999988
0.36608 0 0.999989
0.360085 0 0.99999
0.349836 0 0.999991
0.339586 0 0.999992
0.329337 0 0.999993
0.314059 0 0.999994
0.301102 0 0.999995
0.278476 0 0.999996
0.255657 0 0.999997
0.223361 0 0.999998
0.174821 0 0.999999
0.108876 0 1
0 0 1.79769e+308
